0.94563119563571598529473737138424785467335634599081671342928544346627045267178907401662242028024344312765158451378514996643059006999605120907945222223034101279160367713159853046318633336830807873996795918153478422334675589589077255035579337316603212708998014610863946511682420597233381387802141494834997846646244294240278197629190489222287720795233156388904791664958126026080137240887271416163655919401658766390842673640625634894872876005882758260452683407515210782767249004331802471231980400138665921193858218142 256
0.47435769914454622000430997988207711163151771748327175522272406641055033717533904356848000938246798432712007751327594735220331147193538018351841250600839896561746282231346018935902753255562219118625985290014532919084683804378926559565003017709270989866720772558861091638038322454402386429985013269061694052062791306248603672791412199573532599665214287740948917515861333696241352501346346902808631500648175195943635661043175826227490252741090760746940184007411809148559684854515574476562822374016210570496492159947 256
0.77199511077477555204451373761396781633441128691420453759405693313046552826848552099988018687262008135287120144800486509190604782995849215315242201984216385266834676217989092967376751927449660164141970568268050758618293436445089388178367362304828742327793592952696863463407666449317583644777049374033349969039089787311236415337251237846474096963647789055768494482130602688449853519956488477489743681700684610199520072172326648319503211836988937534859503162035931964760262819955548503956036141842187164057252525160 256
0.95301126581068805067170407218968345503278742545228516950122165224279596209121492136313006199669020963451203475786603759272916248932776869898203704946350993097766148152301365853887059325299254734008279610083926803192815466443629261196091483955321030650782838561894868473960117604333049359359922046935240841262690925154108015675859244022812720709919200073871428366468384735001077419845473245512065768675666346674466962752046548490468592399257028695046672748179785698921659733250215283664628972068634872449061827074 256
0.44465336702724668765204170623267711740124635031874416234558747155347872830676261713650663931704079317854043037809940345172541033212303116473070876055019222436671085602750598952731131026001198809131751671917220802205964921956234618930149973044977703358505945736643117357757867512315187258087221029517226556366547719242833644473163059784645376528974698008098757749137779344717590241188257533433395906550965147205666376887447016984145120833998686628392734511202434720265388798108879397078345639043724784925679835613 256
0.45234037369724970260245884797935736425099655981744390273141597659038918066398304258304457876467433110199304200355705789365919604337285068818178913633158938684188286891844776009274947158016660709383745017793048536604870076461395593351452907564783953855231705998701279702167449397468501587184391986170007384561558745587149234635095600166463563789367024016069393263585180992984293907960652965307841876596771098344846007055649010778949492443626644046846831870476758785068962267932069436618938287469516293604251324345 256
0.71781021466677086008253050564448832514518960311477989617488894306968792936378019986070051985712193980074747575335815940483722499831284092207673285000244251117494424872316124906649076628252984315762322599540638298298437867439941295143571739933120954859340463498376338446391036240062354933955184355426423733605154657233734941640938782721601650136838492362555232250225194403063462791563738279970721648301505847109793747355714648292739029667072275053445075248774969995805926498352926268742761067915324450266641567649 256
0.84508592989315395233516496615133234602257023018577631202906814359040776768606469760797214206911953087809059114159306020775261729077006281748731065316405450284138985010862049302547251328435963766178922110573444693597720875021186422202310084532064387018509466020799388385782953781423021804862399393111895466961803323000656180190824051107142881075714684723253072879308089900171650647079539176359652944635635026299203817331814944862313105892966108696721296703064782208269698389632388175042224421817530397639798863083 256
0.11174606077436702460920476625812085804287966294608190449101642986313505363454164932206029176085518669680463455394653629156900495296251351922441977027010686457917709631726349127507871137856464739278670722948373723799048414012342791117816089437641374520945194049471607922943532352782283994624928919062347940147771989840576703942234197284184279400391745311584882380074163425560154289594397395284341442215637218536744206200213960533437858166985503671868923913565680759150970414655445265408010438913390726196522306842 256
0.74905034042971465711833877231961491354542079607206666880033679239492940824460107777269890503037480711167237678725361970706594778892881519031971674116677545246723142507961561951538761320900432266841619138627168223154011025011893997385252840942187447682564015795353959462924707587590890750304824426133591358514846349959174357430978528501041254598485197445395763653884084337744667592259048281874614887235499167407426410164839937110552448487133223335303715859643545569713685290515247392275954630917961247988775342978 256
0.56768975926029655842433171697592533802887365072370654290347932094376934208975922836974966727135660916007784119823923639994060094059774445656767541997537918893411522212718479450278840241788536151494148704264550799168056378259367341905692433620395370189821643065413021327579374366193893329485188862797651784224747491548189041312378797193864444038440778779417319734551689904671580510363860058571121048387651110166880657967853768063647455187041432208077474031221209253748886878478180930049700968511607180011438740353 256
0.11084482426244656657711910396152786077546337062208797269778161645181079294021817126926045402283834055246756981749056698755391767035458765584375473793058974697472203540907582425070475841259752489597639731858421688918954157234816007488829317337225479797251526457656495881077025687733508726820133072982392187521720493809755294984444095095763370466007594031330804389398738287826357627727492324950811343932543413884576646251075839299749148225014438872389766714297179087291945435667127303024366288692306471531563805800 256
0.23912821050824113584794428605930408343354361925394400333577762989562198596584155703760692724018172986869777514365251752011493174394152099605942746206888760604119102807008795509462773075387663608503577448369427167867489309806890279819472218986755187358193577262766503878882125133291819766287116475564439779758341291965709011216953265154184200871614423376669713193923280918256939790078659005816355497673994204642399557557276840643843016140504877438844259133347813102097211007376023357644789904307505225893910087477 256
0.38876307471213361025116155573378948285799040883601267044530634830464432415643960395564707326569943443005761146632899976037224762152611953411635658362933109787637471900576917687999715214016868090049556204324334871922985209358784484735993259763862667474461739632297758044449567698296801478002135302064405435734645420680209555040346739834183556002603738525237268387253403272102210864061724923389277299760665369860343402446652777147438146708517262586651371351950359799052905437104494569283735549592795378380142106851 256
0.47716423327815018423090696451505401616513644469622969650082086448963445177686161861059024873253526892672773535832998072229911135229182910838860762283253222057972519809240417083781512558292018934433723843081386129539168932812232892393668020887661907786201406196956964695330361175299023201238263714545527300959275352989770012808175466367978094528309182020938833141682765895198464272653438412905929933757230955602301917715088184109943219808164435915916390906610099595534243924069292347727820871341746172075759353005 256
0.83146288330000574356671956862770068111039127386318304143522692321186071051671461831641179831292565187544005369693625001518923932720453611742328628368099108782058494002154146804559816887454896124113434727490276523053560413175626644343850968474234717044964801645122697214570696713299559081857000005131650279166753247717493041134924504893323641938313599550515097850665777792269966226869859610647858319700401402142154227506252173189713585348283469493852854293678462279888816352241160544891307961265319534281347515316 256
0.37187824183527775757440390564314975321114800890193201402617928418745733361204718684990273256303084470307684633853895790949329879787466479530187388092125247759418598822887393216603807282699487008648236740910186232534181827596098376606814784044008726639931068712667205049367968943586491952558945435402371615120060999115527468973535776508918160870020774037480125410204318830881057275621922214959355793132865442366952150443547494354661051737528851286531985552520233462600064443146891711254004035271186713877502146360 256
0.69346774325137537887983182336446519708876066341333346311561035034683813633750352882390043580423926271116060486968832383873703081540757430336042919796808211108220523595416877194172289077649928414442402144945428649051594117289200684279699359067520854841522826857773842867614202119451533689261484500068245426825215215387973940749475905330502568933018318646749393148868690386636485521831680597013218845341940209597175781130109075086875057674126534442963901821924861853318302791375578475836999708507344635978444880763 256
0.70618411298849174253240012482462470610985186292464032029947494287120231858344069066183458094600715565063666312049338943800703983467608292956777807934654153533911526904938667071986006369975581733980593954216444308469374350083418911088974143739672209412479646460994167754202529663513682685046706513404592433403504274898170455085652614193557339998965458262516194229085283450847430822527406358970344874922250951435630808780510222302020560804792685112634981183675395965884788748455343121058170636964681790617597899929 256
0.42941842386604293732735046392929772889229472956765902242764326359847883028514096900784309904577662041863468166256231693838514234597941155153965102656917633187089886054881977363503957344470892726290530739849146754306208203526918400900596311271325943297824166622549466894565496966493592536316570649866042403331799386964522771229089177724211642610106216236365257261198655159029811592454260567172388794752532979059896234639286484314273102450015079540293669859721336164095122957814929199799395903891550525235296709199 256
0.81065060826475816818753670076091304743844431246785495114689458054890388541830434081428507686358962183673653645257116689601559303409911894583883916010446489775484230736791211196338178855785865013128109210601016564045843505512344553811554376999940796567405096432098891501768952577291278784095232121678924241812609587717474961949557599030655867604882559599079509951349529583702547458170966145709537496163110358671055124136753597516779523175618234480129425024720694436431840615325249484539876134513892891819824587554 256
0.34408612235590036201939931225404382663413395516064387227338489362195471300083667918873013556414764000804849190973866675628645507326405338504622999375955096316731918954190170579336584324328913750240779101886917527877041270711178713406699710935726829212773554572809705703925703591048968055123173395915285519219108387587556496506953616764946032327799391474252950565634640561094231762498785812009990064267890944312788944968785799919221979165756190901948871483774329736978447024614248348169132970732249137885344154235 256
0.79725954481502880413077627478751137700207295896798048564660801508428284748351213378862496750503819447927455194945405495110459749700591340071731834882339907009053157828161732267884452400588760793009622370426238823792608903973450460631366096952889289879154585449446446497125571403151496457498009888477077457277102822297504609421438509474315212637565754218049880660254818433450957347678033721216027754787629836152164572293628568672818423476523410430825072233509132920324358037207607223717582608009542456559388047401 256
0.46362085632987015066238277045771765257841203605640086798054114277093074873110271280040486877418214057278619856755262682964748221013304460813284946459933086661191725616597381721792621574842730626686064548727931317484536208573777754481485509912002362292942711225523329165383438512972118905200971846676348606259456061157666967184024699310405595754648421733957221985813040284021097277381975859360955328659468750022498719403434381614165408657238864965540190635774411404723640403287137578275091631556716881535166172094 256
0.54858999507909217359808136504053393218285683754786647734495192986437347349951142566316391488611452559011826420148416309747802338543657747286332435003341244880405037885684923062926769782226767799559782469658528503909567183404225843879302113723936285865219914791116529593798201502588030603078924787126957700214664750691956938539404943750112705485363434692471036190559479973846250019399289154327594163772194738682686005406265416243054403082098259234674826323106391723049364650763847354096105032132985373950860309143 256
0.71726169370007178126316226566737352265768303806013870777622919128548593582771767768291729083193998759029966475308336439230695107298670452273153535580901505317323775459097698673523912784624172042474675196768049014784813646245279295158314457559641204139370164435539396451153942069204026486858244104358788635557665238971571484110095967382458200588512057220974131915951397735435957952850229898555916600765164507466705166237024321385646792450631465690862999493671956595037221751556952982458234283691323711831919021391 256
0.42941842385042144742235547049034767337645127293194906134151896149921894341994715827654956131217798100674300506250775369746115263505335683805430658205334311796453194927583750257486802243069216849927839122336616040675820738322375373901736338207329694250865652872713827449274063251162173784641204588919330889047605946629713202288001027692767501812701268911434066791323433730771033627006573911364467322629869087487435725964816331613050855548774352299130262830933112843374005488523500433337335173840115216491401330176 256
0.42941842385042144742235547049034767337645127293194906134151896149921894341994715827654956131217798100674255133420976123834543766533656453665312647893390298699970172315279513156403622431546007294956204381940658176962758489314547502016721628259546352315387675656405642733465996569122983732959255671207388914264078356777898609956193295730275299128248128876085981515081661464644353087216138223930539879314082350375063500739763507900371586133862123383100217845361189794324515629450030202471415886787404043646579632205 256
0.42941842385042144742235547049034767337645127293194906134151896149921894341994715827654956131217798100674300506250775369746115263687845594657179986904017287502128270062995744150028443708798188275376398757236849243751150334270410035358752386615433983079799384014854022761072917172520866664832285437229909441637518066421375012210605530042528858491953029037300432319505080197584652350344265297077470091102887816418319935815390853749934850692201904330959109164527277090238434674790049488169518591758000475877311953629 256
0.42941842385042144742235547049034767337645127293194906134151896149921894341994715827654956131217798100674300506250775300054636392212753794845692164693606676657694272150304549493041918739728060814982731305607443783552038641076448292007839300342890287640157737087122676478324397683458823457820744974990565689830506971845158877196621918097777505638245501748673245178000441989050106058921533318978796366350592609278489572515221249164063608681409082138442742473970160877372052387538233791006873526486035421357663386526 256
0.42941842385042131253223002562405718251644707143567939240477021755615020757843867666245147926917853500107032202776297411357180605772635808774700600531656560438677322376482985444188208479678277733498577066040831043712298010101576192188813104382042727341791968971896843309420281344883067242921168054532404260130125791363352923336688444248012270800029732341569772678954098720275294085367849085043439418680554308583514643756393205456462945145490928610755008776340549780684136795636123838577069565272095696020860887040 256
0.42941842385042144742235547049034765323635687022874438202411789486690378786092253496474035873858696862837174438694234690255065886838626647383885177899455712549841912488686727549201345485117098548861459978912122992520282119162802309726073515638194824159107448828882833776546061735510947252734411030706695231721209092324808612501896736260761997104439060644059817985288088254256840929001616933477962959925001921087668492815319336405598402845897315587741252043775493495498841038874516520733920443894638049128917587479 256
0.42941842385042144742235547049034767337645127293194738529555805878106729814452075099669549019811794201759644467042871787018550131520303848455204287593049666726572690874113177130686035825417075176603466545227725882063208909455591746975952558372485222366557023072222644504582889820207539197073087558555918185310398322965535746500872316513797653662401266129518189754955355746337209666816392506581250807546435847841795357621158279629039268733778327052447369160211939946985320636561249331183417081498689855251941484110 256
0.51272588513146086286683974463733557456265897455113199918786794016557835212570088094120241080640677521696259810602252636356673771550595260929230349484601148022377137112607571159568515918466752265239971992820229953337998179431293982600102235947561833287841851260407803555083895510096644835687751660624475201936049547955079136102875556764685896983232506511654926831169606420807556370786035477355327763958270141229608045912819166385899722295865289837621459535855965212120614730787394832721800733032092873379069762419 256
0.42941842385042144742235547049034767337645127293194906134151896149921894341994715827654956131217798100673693212777878356721859258841510232211098020444747649937821626631876383235066960142532758114218405859204400800369084151302077502415830769209476067320589842497571735928768869612741986010405440868282826847402937452736001262530131519747021058479561341759847209789231542478895027091780804232167846231500853366400880583818329141071512677384490464706219613105219539350936216341666777257385911651153342365004623175648 256
0.34454127247011922763183764246099980698183464296639404831984124353478336315245131985794974178581943862965065645434920346941914216631678146538483129773425151346363865696785289296318574297869748928432027974590532098406128734698011248176131530551158692391696121550896445619065961617285673021633892288313817190576390494995028271648638242151047004574565747582056404359410979665350316977847663745494894117523725912357680017663048901897498505441354511617469523476258742368343806465784103159436353849982973248418169764111 256
0.42941842385042144742235547049034767337645127293194906134151896149600923093534903601392374927371128773391293162514317311982248934594045090524997528014609245107086726898058973733570194688924992106712489159250429584759574703552590993549964469963486926791257664129963589503804234383803948002005257499936374901312734306640177348615064433170096074249676545876813594644623878653242102623324896098203809181530399034353692188667725009926728036560346698095261681461015814515153771148867740141801745045948772852176360870219 256
0.42941842385042144742235547049034767337645127293194906134151896149921894341994705400570162143345897395215870705302094058927508611673703593456851189343446020989298195376270322132566998934293489104045353974802601825910945309091827619072857678540160906244787490084271669910621682242987319870588777337440961908007161299298000170389798139831293082540321814319736050004044490241695976811822773591971649147816058670036952074671460399787918378271986627642565110397857248359089486838110779780842592200538894049192251045375 256
0.42941842385042144742235547049034767337645127293194906134151896149921894341994715827654956129662596086558940474301703474086240384923875445673739014820650860779793711374768902917443476359322642963553278382537309519148246004112079904244372456193986018242207025754557824139721429312699405361699807682773149011251996908422246909668228128142986723297746205730305809039218455987605373081565564933463041330919341331330263495043405048679059952660024207535196344749817327142644619290509543794926829572409011044699249090872 256
0.34454127246998134030502579497983109824331007723618847827830624262166132831791891746766210195056625209127622919504308912666561589682484119494432759526206327639700825119246198855441158630750789134999521632682634703996235183443982688000089782848734182711512542796184432389958709843355821555885660907726905239108410462831035340875249704239368495546457449247453286326649564781550094628317448310668079022511941741376298197222016462700206607736693634041090624548813049151216546561582156759453046917840190606633845188695 256
0.55970063422049761877840315317982760526694561178446117118250832417387421026325671929376018845363283761960260585781510745343672007882819484626530408312698749902026740826016688128542191871382012901818407969789874518000950679710179534522360435060703793143711766752173662450256166607543411885805402302068457664384621859174350459259578195171430280227005285613352628987198347622100475230519282662728533350267027384656660018205979418129823036607762183505290474098115987386032032471402248905707209983154592155754378817252 256
0.61292572241761135976779679214310843330910230271023339417613022483978979790739765532013980265100456593246614186941552346000152894341205823133371530096246895579513452037897589349654451004727832883719710322839429397715448290720548464266508017980634208362958024693681678319487419398690863111408950939908609312407112833852155195355914114850929537730621919014286647439365978415251501221210392700899047918672553597164932724038988103003167758795264595798846808124716361564878908500984828510619751728551193126971648837983 256
0.40931462986656013655610944196272061444546154645137765957464317496032733342693784029125280197349355870558995388633957713169146488588429383874934641357629884141014559339368816417293982507299172556352853010203501478125788958727913870413303321187696811384261837270416254932371183250538849576687697807061498165321006373714735985165778963826192432224928824125262387987027984461766823044636256461681150960884896655736616088789573784282659940802843933142662384675128913739040769441231446636935769207011601029800068600723 256
0.92465512214721299237465454308763082652818727218979501501173475679136071097314907198650814649763709508598577461043244784746557925968902221691734619872370533323464856731462209818540662994870308520093049493288465304723974118098878881168864576476392299640869751221786307954399584127949693144836962018230791754384082503055281829268291000151157362358575455449954081687441289585237549446281915860127294055272697978248573675381560955837145853878802989482864811653754146416564257130239283857565853263761760367822439013530 256
0.18341030917594019171473665648394012189368013550159029181284116078714987023954996101507367902329557670953055203972074063889605988046626500114669403125820109009796365104844153909959101981892404945373672112461463957215915896823799092658703261071323449566585908769296338233450170806219848623394092140409499524564054507097122685340912847266839116746218216972265053758397583306421925767476741844660190712164136609631871248598618528699103289588987360232113999876968140920603543077314369921517401411592426239106318883331 256
0.17144401664626271364190451079852660445703771693205911042539788619775766796911186537390973138566027518891493731790251099880265276056814802149280871277510007100784656993586227912899313383251397204033289004623453394054372394203577647990453706070909895070092107622068595729354395142576629664818822628545482489600383017983749300575380586942714989413333396063718416025090984204505535658214034603757831379936661075517494155976409178834424422948996833485794909823021152121998202916843333000805848450858988131026757054903 256
0.57114187570005589572003220601376604644395510875844503426502565007438683618637041383428182775849324741399100866598885129147941032606688818703966604286328836547458331736253625714766463057426665294373118324378550810174665342868063939421112492782049527801649204187694680872200632128325358230925201365538874554574295663384402274302803534241363200045150405500087308202952830209338597989946063777269112907664033012185652767057467698016072441120787408525742654180238329542301924938111952076628498836499584229749753689110 256
0.50508379352672952512552914318977559295782961091910714443076576700368518404415813828654274876812056967869739634840462121291954772059728198397591716014524171234427753742070843693199098533201446471077190180757214477615868689374134716187587153671293498735716811226063211644476161693773376550298436438861833890967564626965532705623095697598334082023916153101758218220263328615815101321584561285875922842772529167274454351214774362933806983339687536311040545764395193227516369770730532871333341906221659718826623141888 256
0.34409114657292341441035202862646277752652876836977736975579330530270810656734766268606710373577288706165169256453862009201970966452995631840075595448663611326745316749685790618736860878470374546679592264907206445070806306564169706859057572863803618153184922598963148489261840077999213897943982067238730259460115918241925983986509341881781021986404799842519721213181091461228715166064302758123078414854714626194120734410426851137975745802251465953883628993833006600596915140100259598652526054630083756150276721601 256
0.36083961575668147436017282360800410538980316343737113772779208965838784085677107888736517551787247355965851617737772464266460689315256882575763371027152611024419731931099265956777239813625895873889166264036037088170854909083061715593496918836171416900903415314005993919131612442501483261531300998492129076427303118583497962920910583648390789656987625937690313390174345183861586626884910827796688347980977027403528468262408019933897908753503947939701466498121073479040761657514009280663851720215534340558301571115 256
0.85655955062947485809665201370994996247238095360895241210332047601064908535803387397981997332645648450093364492927230205757493366593164849767587718543408640268861486322172502862374696240963476960604902542161709235632983571841099931478614055709163818511056057124719048838810401174206818732120742017956244135924082589607680136178930698772489223306441065982342532373447055819784192121191678442701447361149096362795873215823230075686311136738060265416944365171837599794776927062781563605651408125325178775892951142484 256
0.57230223479579447553952680607665357574833719281350790968849242575326563686032358720851424872636337404110936037006734027104550411594665180531701831803418869429005495464000409975604521694691301477088812481541981077708546658406696535162254314794551133514821471774177682652173872268908396795857455415417240001112440166629427314689485266209656810085203456053130436239084425287357517878861310168670014460232082521141030436288261447039296778840172196661921448413563217594872740296021319895282632474492420703091502872285 256
0.35906544766092491864610560876879082193438472849911675471725625436076344476965108179961218862575790829847790096855314005696872630081149154818121080759748299650832121379882771216283251687756851635801876684090558494954029392003331130867284153599857573953870677732756601067600681158578277009221877857583768410408357551210544554176626303351905629658924874557754497476910145751450780646243035275549048031981311690825111672371981248822120455464249519461130046445302085161778224316403582731430347448292886603521250899750 256
0.75333556835651635117054881119892861524613866253564389537487815912953012467659192877533111895638272999573838580175735445355938087274355020306861318537606045601749727526327887054253573792088623217902416316206231664251465621931827394155185042450560662464222816427035964193724650604299389787605626416929230350854731047575116287406466756612795987650682076109942974665262751619522301658506628834159313865482302317656582891366591780437924067192019962381981350253546610572445262950610614773926152866967988219135579055889 256
0.70390992203275885258852180911735340104012593788991211265100193495114414513622095823222666860698790330997464826083869183348223836531280399125883784607680149366868613839935204395111058342290680901590347785642562928263935387006185993400746619330872123095185860539404234486729316326611084049991061179833119404682362303315743020365667652987564964835747531790886780731572616212807531909149242893449417010154288537474525295018998479595992130534756352526715949042264123799991004827673760934724022458785072006821993054826 256
0.18209075488800469753724293945864209924137380747876128121464345385659974270736748409791683977061835561255931141304599810904674868776271936863461679447948334808669845522205053017561315382542373705135179039859767756386080951664551303579515790496807737754618537189737886374075279451715519989578589404259789509503549712811652258776997991254721694400674313948887688689519712720251326191470389144774069495247169804944505657366115962942339573604623624934610072958227106005437375665610501793621202338780141635488267909618 256
0.69543251534188750972555633530614843254416228815395171815834824605640850752784045443036350258593533513290585128120740461008026403650938020359462080463323468243419682224606188416285174601120646052595532408446797535440955166872371167817665591324021528491728407626178889248136463282616212898338698007624780467970699679392678701866546962530917599231388093887569378302705242326355727600985661929774478973091123132508138480878342569941087244609328180417325690665461508703945463892432201016545399853606319224711228172193 256
0.81457750286422411237659767764604267003363123255589716163342728778312749199353893288179455304833049537626065447069118212182522157656051072225750273303447259566388948776570535405858724483194818550409245471103814537303911311184581753297869557544031892672846055588593248639443727806467835369006566445687679856362411598421643193608272801430848616586233776896958441411477590477327194269295205840794112418997035263679373356774793611850462692184600830573499324282241039180935951819891311068087643577833035769228660600487 256
0.44547068296621765045928956955464992262553281685811671712750183533918344936460719314747606394453524261701144034876824235519005878743173501600294627220271460726993873845347441519797931250727027221723433739398208188481417887642928604777097429093477610924125570536575968091566218077373927200521895609056361451606931018189062469331899074712137884502491790513513239696674451820607167361625689662807236002567457145355889231324293302921478360046961847345250929865184721438539280817226530924257603402367175165425301910730 256
0.34499363455738336961461940305257075656480886388708699039308977216002715355951810966372741236588257277937934348803591647322367179138892916505852766216184157591740953432607614910757875080829359437916292917150530188432506185619885126542386771505675903296929393997567765195593292059493813804569121939689280467462206216221575491159959703841880744923358211838415118527727078701846091119063379644209927974385600616436075993216496966752977643622482584496845482583727076085697324233980615813416626149667869601714889720703 256
0.68885311017687925053285569622975471191356377238222418770439246811424977433987116790167251191996106028312686553130968426492546470404285065479918031993459513690562179429195774970866202413915284057558010004955306753011123503209609769217240629795032684586237676673988375814506259827588322268213917085909330606197587132364970303049546255887121591202157299426263373752692247138455290697465719173192514892900383618361658101984099202420135207787762677008343214441298011876098612172900527253919038290088401199674648416943 256
0.34499363455738336961178632725502674192079333514495451593938761766742281116021962687979753606536952851587861037073331722505348984212606706749846012622630841894723671722282317024509258758484271488583974454696615459813280775585058909350607361806260801730619610122633357771670080740875252162433794360827514217195278127811192808088520153208153569792522789477107535203852045606724603967790930141549982235760482972458397316653720265392081666352274484765536554252617846077112323367345686940651830715517061424728315043359 256
0.69762014557795859663450849998680361130767732775557264641397671364667568935817865397907987094916773459079789431687733288886505134327402358897049103188895427665952558018397710257701589602630313860142421406785364429224345211077156582955056137608741578904202915500925588596513432958715098463678261459622328024693716057053860348033653724060582429048991395218005412339530417018609495309699548815126843736475515826247377867891846949975676691996251149689840734303558331427402707668000857778707898013052537607147347317790 256
0.23286215112470472043978539250876563872498010395229069606982443485563841176974111815777474517705071892825654979764651060793493166765878897908919127605357184909024254417381422903835586016941525843607975871755982129365260193596869115857907224737745768339496490489671425139847971838242904455476141687447571972842170601452357752565454061637608495419380624329033062511819464881876284399521571732722163843503050042273751507687768162543434911291595365668611647610878099352859407216677581674682723354383747089019511222223 256
0.88130365334756084333654465564111737429094705371582356342572246159627206838253358355993260042947465485312513539346218819893862084595907455723665079667240211213916484506931988946922539685692159422342415157503546559367216345576432220728306623083632933747417308340904148721904175655114632536815987326223165319293673447848162098033515198256272059361261517064172830787095950687644440755465606627828458857215456610678325238757189637686193444302995938268014734211840402285813942161536873735790996257207450446841183227099 256
0.24381879782864884164718337462428516279543843819956574292921716372414418048940612902075481398176167742043970042943080538009578742512258412637105204213757050205748872545483301109716964581087656785383645728080635508060317102478671040278721194653075275119330303387088435289913926585598414910947544600668783879399324271462544489240004968666557535552898300205113333318679778249088624389956579325748878841016718425648554884932418649082558787589591204531114461411872032909362243441369501059126648711203661961895964194356 256
0.15711430053050132333282379901004451569653180326555487277732248140827305884417277595638182717378568473226570488537823628533087574834632280933356343748298703660031243669479371858557371058366696097866494196102363096405366781067364023974955073251614472544109072285641066583641733900806753405213229045627821698483439845433331929000391063017632697120402299238902409313446036185098878857862156912109429379106920929502330734570741218860780095392435048052478567818583859440983486317680593855098445185423416812305038077697 256
0.75719425480799889658032280289701271986003264864037043702211251970360808779242350668532247750510846996071278178417913726339568324460339710103918025486513064051454860698183257787129196507180071118008846163392595648558306657787187272487900867207907051441831212471640868847881407492014640114088264230975768363075498378331653896765514785549749576620693177918067718966134026616795181136608026666681738562747839130227207106741585968224432239638932195791561961989221678708538222982795464719725687552175085106319792322846 256
0.83543257172440114823615624199714080814363381254929650839093596494506367308153145509198282493844236737818921759316903244944208197605827728421331418095413071156135976812603851167241439741147689491824744565379738882959411791916614000130241786343290394823433203751128382286674374370938561552351853046251317678062914010091361200893112345859546686112187372410596452533285945240328947721179040491611965208606385694663758284094852352404912444672688986025416011301760796622088905216002490885824588568709541913030888463206 256
0.25449653707975770766521950596149027853324157263510551908517224934548000806949849407326133251298674221905798770580654129699438060075451918938901391263558540715411195838152558446982736974845689891758339249229698166005250296620932371743756794100873785687836818000450854677414746577717111220485640221355870099287669493234796556095344848973281310579903135230087148161418184888634245308569305986205964677825299816986288876875992147101812241436030868701792394625951895962267331325762554431334607024926328716933585663788 256
0.82681424887183767453386142729392909178592754284545016460637437288169639653489373029786682496399315236204711948066775233284415425469495613701156337165017357296166680130772111381372948392133416946823190951040341321549545313445070311438657264852774193464792259991817892300080550658237142216171251733849944526994499692082727036699624023694559003559788320676330970029050575444794365621333321532299212976180328570351171248919893257252570224687401778709635034560966254683013516203516745742919844307391797666579860271370 256
0.18340653069528442110558599965923060608892846111198879475690652069455203235461253886814282164585533006174429620815684427576990218879651759903690661393401916732457193635027098111668281400344561048346897467342939156600946195315488624337652690490803647908292139691760468646177360544520096190681953955470929646042562957872953179010235944257424212473092474796421954510127348898775260564035806391946117108127207709205113764429098329732681384814289410750226342449895593298280028009509936016703154275015597456058176980081 256
0.95602609719603539988193196613953508328424871098130226926872481333211461531082007462937050476328361055994510353787389360157502876203384464538901809483969127147485333090456997464992969278434330211317391128545664571669923831127290833609493093250642268729751969384462482584159433155767941547604141729550187594725306751231079179967462378405120322075674124602080029883553795318137396817991486673212304683120831886597777562679990816306698040331197941122437718517739644706562977218902221539140973446006768886573912262464 256
0.34262340132774278163463588227684567318522021482916809878173029034113237466372779952059654282037928365147889346974776682607552270303669408738193935783128338047156236632053876772815401570657022423177943540221027697585114169272862122154040486848052643901183407137312746831194191245692079613493199217097811682820851256179046311204638723062522919429979194601084949917286095882857513209210682525724883719917357593452343240413753991353081160009960923275275334186839226207092048981888643723724041501751948378227953339858 256
0.78955139849423727828462877333318661023259449930683741748641017284608811934966622465763385657081716104402269675535476506516655139574727635788572894052944809234990951965198891919883056529750378370607155564563547165586845153164175829098605092732290477596301888948873520416330677058198032412757779922507631190686147971429559561107373185994897574725711393227738870568399657434753029575896611389514095813337365559364331107374193684315460376582719198946477226016166619657306379279644082608883170469774374712425099157187 256
0.15419499579010883218140919869649908461861075924879131350251512909422359247567971790666725951375947680763898356515777939601471265153783709827184107057800949824150169049443026193954662165207545756985070296878659666606180248602857839311672604921945946580488847605930390647748586080232547055183323478061964747027505475223851813291285428860510228463372309115663424130257447760609766988430937349061420555586726753670027534893677695251131898922755568002032450858224113389477870103284298171400308976547194239105525472714 256
0.429442019265880661525415431646320554541867981536169572665633223188772872275061015105217038555277699441155988033113806532142967869467176919010178495545422111024537700084117808948215248869540429319043078361281864626160565623106383825791778679747106584322408650962656172030799594622149382149348401285815534728452072186878081093046922145715639633139621091688683779097356741935337858099153604405029698490436101947073806212240904766560844 216
0.48739164564262125174235114774209087985757405398375459888653459419290383204527450752391404847894697036318161472331850575251113594649366316330663765467460436434847111927621398023100354794235950551980338824395779118986716620336319526101083163136051855829838917388887336475288411420469036753732386893617628431106769772002091246358546390195667753061350727383165665433800658491128547326005229151087858957197466172775561669519380973964194167912788343943169531761543778666615097960882750555149697062139984377114216573990 256
